IFLConvexWrongRotation
0.999967937335438;-0.00227885017809417;0.00767666222875818;-1.94766014712978
0.00138783948503629;0.993464491009992;0.114133163470665;-50.6474143962953
-0.00788658371365046;-0.114118850082375;0.99343580056952;-1.93636276627429
0;0;0;1
140
IFLConvexOld
0.999145939808832;0.0132651453158377;0.0391334496725688;2.63656 
-0.013686449240352;0.999851019190689;0.0105176295110251;52.3592 
-0.0389881016557236;-0.0110442447948978;0.999178638976131;1.66311 
0;0;0;1
0.146
IFLConvex
0.999844771831578;0.0172770121112532;0.00345500992298903;4.2348125449552
-0.0172823288888805;0.999849501662786;0.00151496958887187;53.9687397555409
-0.00342831580180545;-0.00157444504072082;0.999992883861469;0.497743750940195
0;0;0;1
0.146